245664549 245664779
245664779 245664842
245664842 245664865
245664865 245664866
245664866 245664869
245664869 245665197
245665197 245665270
245665270 245665354
245665354 245665583
245665583 245665679
245665679 245666164
245666164 632313274
632313274 1232644015
1232644015 1232644926
1232644926 1366008977
1366008977 1366008980
1366008980 1366857603
1366857603 1367092952
1367092952 1367093063
1367093063 1367093072
1367093072 1367093074
1367093074 1367093082
1367093082 1367093086
1367093086 1367093106
1367093106 1367093112
1367093112 1367093120
1367093120 1367093122
1367093122 1367093145
1367093145 1367093147
1367093147 1367093155
1367093155 1367093164
1367093164 1367093170
1367093170 1367093181
1367093181 1367093206
1367093206 1367093218
1367093218 1367093220
1367093220 1367093227
1367093227 1367093252
1367093252 1633934082
1633934082 1633934099
1633934099 1633934104
1633934104 1633934110
1633934110 1633934133
1633934133 1642951740
1642951740 1642951748
1642951748 1642951755
1642951755 1642951800
1642951800 1642951818
1642951818 1642951842
1642951842 1642951846
1642951846 1642951851
1642951851 1642951853
1642951853 1642951881
1642951881 1642951888
1642951888 1642951891
1642951891 1642951893
1642951893 1642954374
1642954374 1642954382
1642954382 1642954383
1642954383 1642954387
1642954387 1642954393
1642954393 1643351758
1643351758 1643351764
1643351764 1643351765
1643351765 1643351843
1643351843 1643351862
1643351862 1643351864
1643351864 1651387809
1651387809 1651387817
1651387817 1654348789
1654348789 1654348841
1654348841 1654348854
1654348854 1654348870
1654348870 1654348871
1654348871 1654348885
1654348885 1654348887
1654348887 1654348910
1654348910 1654348938
1654348938 1654348947
1654348947 2077290154
2077290154 2077309966
2077309966 2077309977
2077309977 2079572665
2079572665 2122677121
2122677121 2122677122
2122677122 2122677616
2122677616 2123624371
2123624371 2123624373
2123624373 2123633697
2123633697 2123633698
2123633698 2123639317
2123639317 2123639318
2123639318 2123639319
2123639319 2123639320
2123639320 2124941135
2124941135 2131949237
2131949237 2131949241
2131949241 2131950307
2131950307 2131962850
2131962850 2246471647
2246471647 2246471649
2246471649 2246471656
2246471656 2246471666
2246471666 2246471668
2246471668 2246471679
2246471679 2246471684
2246471684 2246471699
2246471699 2246471724
2246471724 2246471728
2246471728 2246471734
2246471734 2246471739
2246471739 2246471748
2246471748 2246471753
2246471753 2246471755
2246471755 2246471769
2246471769 2246471776
2246471776 2246471783
2246471783 2246471788
2246471788 2246471799
2246471799 2246471818
2246471818 2246471825
2246471825 2246471831
2246471831 2246471836
2246471836 2246471845
2246471845 2246471849
2246471849 2246471854
2246471854 2246471860
2246471860 2246471861
2246471861 2246471917
2246471917 2246471918
2246471918 2246471931
2246471931 2246471947
2246471947 2246471980
2246471980 2246472002
2246472002 2246660981
2246660981 2246660983
2246660983 2246660987
2246660987 2246660993
2246660993 2246660996
2246660996 2246661000
2246661000 2246661008
2246661008 2246661012
2246661012 2246661016
2246661016 2246661018
2246661018 2246661020
2246661020 2246661022
2246661022 2248801285
2248801285 2248801297
2248801297 2248801329
2248801329 2248801341
2248801341 2248801359
2248801359 2248801371
2248801371 2248801378
2248801378 2248801388
2248801388 2248801433
2248801433 2248801466
2248801466 2248801492
2248801492 2248801587
2248801587 2248801593
2248801593 2248801619
2248801619 2248801625
2248801625 2248801660
2248801660 2248801715
2248801715 2248801727
2248801727 2248801763
2248801763 2248801767
2248801767 2248801786
2248801786 2248801826
2248801826 2248801834
2248801834 2248801840
2248801840 2248801851
2248801851 2248801870
2248801870 2248801914
2248801914 2248801921
2248801921 2248801923
2248801923 2248801924
2248801924 2248801926
2248801926 2248801950
2248801950 2248801960
2248801960 2248801986
2248801986 2248802000
2248802000 2248802006
2248802006 2248802050
2248802050 2248802082
2248802082 2248802193
2248802193 2248802207
2248802207 2248802232
2248802232 2248802244
2248802244 2248802247
2248802247 2248802276
2248802276 2248802279
2248802279 2248802282
2248802282 2248802337
2248802337 2248802356
2248802356 2248802358
2248802358 2248802364
2248802364 2248802401
2248802401 2248802418
2248802418 2248802430
2248802430 2248802442
2248802442 2248802449
2248802449 2248802455
2248802455 2248802460
2248802460 2248802467
2248802467 2248802469
2248802469 2248802491
2248802491 2248802531
2248802531 2248802532
2248802532 2248802537
2248802537 2248802548
2248802548 2248802551
2248802551 2248802664
2248802664 2248802688
2248802688 2248802693
2248802693 2248802708
2248802708 2248802775
2248802775 2248802788
2248802788 2439409468
2439409468 2454602637
2454602637 2629741737
2629741737 2629741753
2629741753 2629741755
2629741755 2629741757
2629741757 2895351263
2895351263 2895351264
2895351264 2929595648
2929595648 3273736211
3273736211 3463796101
3463796101 3530882614
3530882614 3530882615
3530882615 3530886045
3530886045 3530886457
3530886457 3530887227
3530887227 3530887229
3530887229 3642587142
3642587142 4264430231
4264430231 4264430241
4264430241 4264430253
4264430253 4264430257
4264430257 4264430262
4264430262 4264430277
4264430277 4264430280
4264430280 4264430286
4264430286 4264430394
4264430394 4264430400
4264430400 4264430402
4264430402 4264430405
4264430405 4264430406
4264430406 4264430412
4264430412 4264430418
4264430418 4264430419
4264430419 4264430422
4264430422 4264430423
4264430423 4264430426
4264430426 4264430429
4264430429 4264430432
4264430432 4264430434
4264430434 4264439284
4264439284 4342129605
4342129605 4357272770
4357272770 4357272771
4357272771 4357272773
4357272773 4357272774
4357272774 4357272778
4357272778 4357272779
4357272779 4357272780
4357272780 4357272781
4357272781 4357273794
4357273794 4357273797
4357273797 4357309652
4357309652 4357309654
4357309654 4357309655
4357309655 4357309659
4357309659 4357309660
4357309660 4357309663
4357309663 4357309664
4357309664 4357309666
4357309666 4357309667
4357309667 4357309669
4357309669 4357309670
4357309670 4357309677
4357309677 4357309678
4357309678 4362728155
4362728155 4362728156
4362728156 4362728157
4362728157 4362728158
4362728158 4362728160
4362728160 4362728161
4362728161 4362728164
4362728164 4366129933
4366129933 4366129934
4366129934 4366129935
4366129935 4366129936
4366129936 4366129950
4366129950 4366129956
4366129956 4443962501
4443962501 4791577803
4791577803 4791578641
4791578641 4791578647
4791578647 5792167748
5792167748 5792168761
5792168761 5841999703
5841999703 5841999704
5841999704 5926760156
5926760156 5926890972
5926890972 6057078845
6057078845 6116235696
6116235696 6431217706
6431217706 6431217710
6431217710 6431476540
6431476540 6431476541
6431476541 6435209454
6435209454 6469549264
6469549264 6495626249
6495626249 6567339733
6567339733 6567709171
6567709171 6567709172
6567709172 6567709173
6567709173 6567709174
6567709174 6569231063
6569231063 6569435666
6569435666 6569435667
6569435667 6569435668
6569435668 6569658748
6569658748 6569658751
6569658751 6571795845
6571795845 6571795846
6571795846 6571910349
6571910349 6573831688
6573831688 6573831692
6573831692 6573886332
6573886332 6573933915
6573933915 6573933919
6573933919 6580648019
6580648019 6580648020
6580648020 6586250294
6586250294 6586250295
6586250295 6586250296
6586250296 6707733404
6707733404 6735359443
6735359443 7302297226
7302297226 7302297227
7302297227 7357709459
7357709459 7357709461
7357709461 7357709463
7357709463 7357709464
7357709464 7358246046
7358246046 7374085529
7374085529 7374085530
7374085530 7374085535
7374085535 7374085551
7374085551 7379608691
7379608691 7379608692
7379608692 7379608693
7379608693 7379608698
7379608698 7379608699
7379608699 7379608705
7379608705 7379608706
7379608706 7380517069
7380517069 7380517076
7380517076 7380517077
7380517077 7380517080
7380517080 7380517081
7380517081 7380521288
7380521288 7383907163
7383907163 7383907165
7383907165 7383907166
7383907166 7383907169
7383907169 8579731520
8579731520 8579731568
8579731568 8579731595
8579731595 8579731596
8579731596 8579731645
8579731645 8579731664
8579731664 8633990758
8633990758 8633990762
8633990762 8681526053
8681526053 8681526061
8681526061 8681534647
8681534647 8681534867
8681534867 8693180277
8693180277 8693180279
8693180279 8695500827
8695500827 8700984454
8700984454 8711343065
8711343065 8894102990
8894102990 8909137831
8909137831 8909137832
8909137832 8909137844
8909137844 8909137845
8909137845 9179231582
9179231582 9198720960
9198720960 9198720962
9198720962 9698012679
9698012679 9698012680
9698012680 9698012681
9698012681 9870454306
9870454306 9870454314
9870454314 9870454315
9870454315 9870460218
9870460218 9871838196
9871838196 10207346705
10207346705 10207346706
10207346706 10207346707
10207346707 10207346709
10207346709 10207346710
10207346710 10207346711
10207346711 10207346714
10207346714 10207346716
10207346716 10207397917
10207397917 10207397918
10207397918 10207397919
10207397919 10207397921
10207397921 10207397924
10207397924 10207397926
10207397926 10207397927
10207397927 10207397928
10207397928 10207397929
10207397929 10207397934
10207397934 10227803130
10227803130 10227803136
10227803136 10227803137
10227803137 10227803140
10227803140 10227803141
10227803141 10228066178
10228066178 10230598018
10230598018 10230598019
10230598019 10264297672
10264297672 10264297673
10264297673 10264297674
10264297674 10264297679
10264297679 10264297683
10264297683 10264297687
10264297687 10264297688
10264297688 10264297689
10264297689 10264297691
10264297691 10264297692
10264297692 10264297693
10264297693 10264297694
10264297694 10279771641
10279771641 10279771647
10279771647 10279771648
10279771648 10279771650
10279771650 10279771653
10279771653 10279771654
10279771654 10279771659
10279771659 10279771661
10279771661 10279771663
10279771663 10279771668
10279771668 10279771671
10279771671 10279771678
10279771678 10279771680
10279771680 10294672079
10294672079 10294672081
10294672081 10305216865
10305216865 10593463220
10593463220 10593463221
10593463221 10593463225
10593463225 10654218742
10654218742 10654218746
10654218746 10666025038
10666025038 10666025039
10666025039 10666025044
10666025044 10672725213
10672725213 10705188720
10705188720 10705188721
10705188721 10738867822
10738867822 10738867823
10738867823 10750564862
10750564862 10750564863
10750564863 10784473555
10784473555 10784473557
10784473557 10882788615
10882788615 10882788616
10882788616 10882788617
10882788617 10882788618
10882788618 10882788619
10882788619 10882788622
10882788622 10882788623
10882788623 10882788633
10882788633 10923992374
10923992374 10923992375
10923992375 10923992377
10923992377 10923992378
10923992378 10923992381
10923992381 10923992389
10923992389 10923992390
10923992390 10923992391
10923992391 10923992393
10923992393 10923992394
10923992394 10923992395
10923992395 10936181161
10936181161 10936829391
10936829391 10936829395
10936829395 10936829399
10936829399 10938757582
10938757582 10938757583
10938757583 10939460664
10939460664 10939476985
10939476985 10939476986
10939476986 10939509180
10939509180 10941856442
10941856442 10941856449
10941856449 10941880419
10941880419 10941880426
10941880426 10945626421
10945626421 10945626424
10945626424 10945631652
10945631652 10945631653
10945631653 11038626819
11038626819 11038626820
11038626820 11038640722
11038640722 11043475418
11043475418 11043492414
11043492414 11043492424
11043492424 11054461623
11054461623 11054461624
11054461624 11061050455
11061050455 11061050456
11061050456 11061071867
11061071867 11061071869
11061071869 11061071872
11061071872 11064284793
11064284793 11064307025
11064307025 11064308294
11064308294 11064308297
11064308297 11064322483
11064322483 11064322486
11064322486 11066672169
11066672169 11066672170
11066672170 11066690224
11066690224 11066697320
11066697320 11066697324
11066697324 11073245258
11073245258 11143613408
11143613408 11143613410
11143613410 11143613411
11143613411 11143613412
11143613412 11143613413
11143613413 11143613414
11143613414 11143613415
11143613415 11144365996
11144365996 11144365997
11144365997 11149490184
11149490184 11217673444
11217673444 11224368679
11224368679 11235183129
11235183129 11235241354
11235241354 11242732405
11242732405 11242732406
11242732406 11242773995
11242773995 11242773996
11242773996 11242782946
11242782946 11242782947
11242782947 11242789980
11242789980 11242789981
11242789981 11242800174
11242800174 11242800177
11242800177 11242892980
11242892980 11242892981
11242892981 11242904336
11242904336 11242926537
11242926537 11242941159
11242941159 11242941164
11242941164 11242941359
11242941359 11242971649
11242971649 11242971650
11242971650 11242982262
11242982262 11242982263
11242982263 11243128510
11243128510 11243128518
11243128518 11243176189
11243176189 11243176190
11243176190 11243179850
11243179850 11243179851
11243179851 11243203507
11243203507 11243203508
11243203508 11243203510
11243203510 11243203518
11243203518 11292989707
